1.000000000000000000e+00
1.900000000000000000e+01
3.700000000000000000e+01
4.550000000000000000e+02
5.090000000000000000e+02
5.750000000000000000e+02
2.059700000000000000e+04
6.544000000000000000e+04
7.749200000000000000e+04
2.326880000000000000e+05
6.086720000000000000e+05
8.012150000000000000e+05
9.038760000000000000e+05
1.005824000000000000e+06
1.159850000000000000e+06
1.163264000000000000e+06
1.227456000000000000e+06
1.752576000000000000e+06
1.825280000000000000e+06
1.974432000000000000e+06
2.105344000000000000e+06
2.490368000000000000e+06
2.536192000000000000e+06
2.781784000000000000e+06
3.536896000000000000e+06
3.665920000000000000e+06
3.932208000000000000e+06
4.104624000000000000e+06
4.339200000000000000e+06
4.431872000000000000e+06
5.144576000000000000e+06
5.177344000000000000e+06
5.207700000000000000e+06
5.514992000000000000e+06
6.368032000000000000e+06
6.373376000000000000e+06
6.529536000000000000e+06
6.646546000000000000e+06
7.124992000000000000e+06
8.388608000000000000e+06
8.777728000000000000e+06
8.912896000000000000e+06
9.144320000000000000e+06
9.961472000000000000e+06
1.677721600000000000e+07
1.717043200000000000e+07
1.795584000000000000e+07
1.903820800000000000e+07
2.102080000000000000e+07
2.137916500000000000e+07
2.448179200000000000e+07
2.457907200000000000e+07
2.505932800000000000e+07
2.637414400000000000e+07
2.875516000000000000e+07
2.883584000000000000e+07
3.027763200000000000e+07
3.250585600000000000e+07
3.355443200000000000e+07
3.455415600000000000e+07
3.622502400000000000e+07
4.010113400000000000e+07
4.082892800000000000e+07
